<?xml version="1.0"?>
<opencv_storage>
<width>960</width>
<height>720</height>
<nrFrames>10</nrFrames>
<cameraMatrix1 type_id="opencv-matrix">
  <rows>3</rows>
  <cols>3</cols>
  <dt>d</dt>
  <data>
    1.0508443710263839e+003 0. 4.7190900836482456e+002 0.
    1.0525133317918287e+003 3.6625833662667628e+002 0. 0. 1.</data></cameraMatrix1>
<distCoeffs1 type_id="opencv-matrix">
  <rows>5</rows>
  <cols>1</cols>
  <dt>d</dt>
  <data>
    -4.7441727152640834e-001 6.2077043519791886e-001
    2.5618131925522503e-004 2.4093916264351051e-003
    -1.4757915266218500e+000</data></distCoeffs1>
<cameraMatrix2 type_id="opencv-matrix">
  <rows>3</rows>
  <cols>3</cols>
  <dt>d</dt>
  <data>
    1.0422407313218591e+003 0. 4.3944568620593549e+002 0.
    1.0437468128764704e+003 3.4586724392023450e+002 0. 0. 1.</data></cameraMatrix2>
<distCoeffs2 type_id="opencv-matrix">
  <rows>5</rows>
  <cols>1</cols>
  <dt>d</dt>
  <data>
    -4.5715462768186127e-001 3.0251905622749142e-001
    -1.1412736669764898e-003 -1.1700168413249993e-003
    -1.7165838373837741e-001</data></distCoeffs2>
<R type_id="opencv-matrix">
  <rows>3</rows>
  <cols>3</cols>
  <dt>d</dt>
  <data>
    9.9994866812154004e-001 9.7697135984465538e-003
    -2.6858552013465826e-003 -9.7664478281958653e-003
    9.9995155510365086e-001 1.2263533787318229e-003
    2.6977062066504322e-003 -1.2000591630112187e-003
    9.9999564111011396e-001</data></R>
<T type_id="opencv-matrix">
  <rows>3</rows>
  <cols>1</cols>
  <dt>d</dt>
  <data>
    -7.0511830366648155e+001 2.1692715267751350e-001
    -1.2974017918874887e+000</data></T>
<E type_id="opencv-matrix">
  <rows>3</rows>
  <cols>3</cols>
  <dt>d</dt>
  <data>
    -1.2085801186507854e-002 1.2970786139748809e+000
    2.1851728018699562e-001 -1.1071149913940046e+000
    -9.7293612061040952e-002 7.0515007646694897e+001
    4.7173409514718856e-001 -7.0510533744488043e+001
    -8.5889786489371914e-002</data></E>
<F type_id="opencv-matrix">
  <rows>3</rows>
  <cols>3</cols>
  <dt>d</dt>
  <data>
    -1.3930493206486479e-008 1.4926849102752637e-006
    -2.7545795694036864e-004 -1.2742559140108727e-006
    -1.1180443982223907e-007 8.5929487894246273e-002
    1.0135491768528166e-003 -8.5188756015748560e-002 1.</data></F>
</opencv_storage>
